name: tablut
channels:
  - conda-forge
  - defaults
dependencies:
  - ca-certificates=2021.10.26=haa95532_2
  - docutils=0.18=py39hcbf5309_1
  - freetype=2.10.4=h546665d_1
  - glew=2.1.0=h39d44d4_2
  - intel-openmp=2021.4.0=h57928b3_3556
  - jbig=2.1=h8d14728_2003
  - jpeg=9d=h8ffe710_0
  - kivy=2.0.0=py39hbc8f19d_3
  - kivymd=0.104.1=pyhd8ed1ab_0
  - lcms2=2.12=h2a16943_0
  - lerc=3.0=h0e60522_0
  - libblas=3.9.0=12_win64_mkl
  - libcblas=3.9.0=12_win64_mkl
  - libdeflate=1.8=h8ffe710_0
  - liblapack=3.9.0=12_win64_mkl
  - libpng=1.6.37=h1d00b33_2
  - libtiff=4.3.0=hd413186_2
  - libzlib=1.2.11=h8ffe710_1013
  - lz4-c=1.9.3=h8ffe710_1
  - mkl=2021.4.0=h0e2418a_729
  - numpy=1.21.4=py39h6635163_0
  - olefile=0.46=pyh9f0ad1d_1
  - openjpeg=2.4.0=hb211442_1
  - openssl=3.0.0=h8ffe710_2
  - pillow=8.3.2=py39h916092e_0
  - pip=21.3.1=pyhd8ed1ab_0
  - pygments=2.10.0=pyhd8ed1ab_0
  - python=3.9.7=h900ac77_3_cpython
  - python_abi=3.9=2_cp39
  - sdl2=2.0.12=h0e60522_1
  - sdl2_image=2.0.5=h63225fd_0
  - sdl2_mixer=2.0.4=h6538335_0
  - sdl2_ttf=2.0.15=h4636d2b_0
  - setuptools=58.5.3=py39hcbf5309_0
  - smpeg2=2.0.0=h6538335_1
  - sqlite=3.36.0=h8ffe710_2
  - tbb=2021.4.0=h2d74725_1
  - tk=8.6.11=h8ffe710_1
  - tzdata=2021e=he74cb21_0
  - ucrt=10.0.20348.0=h57928b3_0
  - vc=14.2=hb210afc_5
  - vs2015_runtime=14.29.30037=h902a5da_5
  - wheel=0.37.0=pyhd8ed1ab_1
  - xz=5.2.5=h62dcd97_1
  - zlib=1.2.11=h8ffe710_1013
  - zstd=1.5.0=h6255e5f_0
  - pip:
      - pymitter==0.3.1
